0 0.41484375 0.6203125 0.1296875 0.15625
0 0.05546875 0.671875 0.1109375 0.121875
0 0.39375 0.76328125 0.171875 0.0734375
0 0.42421875 0.0953125 0.1109375 0.1125
0 0.13828125 0.125 0.2765625 0.2375
0 0.39140625 0.2734375 0.1765625 0.1875
0 0.0703125 0.2859375 0.140625 0.146875
0 0.39765625 0.44609375 0.1640625 0.1796875
0 0.071875 0.51953125 0.14375 0.1953125
0 0.51796875 0.26796875 0.0765625 0.5359375
2 0.159375 0.81328125 0.028125 0.0265625
2 0.2171875 0.96640625 0.04375 0.0671875
0 0.66953125 0.9 0.3796875 0.2