0 0.290625 0.35703125 0.084375 0.1859375
0 0.43359375 0.365625 0.1171875 0.2125
0 0.8515625 0.365625 0.115625 0.178125
0 0.96484375 0.3703125 0.0671875 0.1625
0 0.165625 0.37109375 0.09375 0.2015625
0 0.70546875 0.3734375 0.0703125 0.209375
0 0.04921875 0.375 0.0734375 0.225
0 0.58125 0.3875 0.084375 0.178125
0 0.97578125 0.61171875 0.0453125 0.1703125
0 0.5875 0.6203125 0.065625 0.178125
0 0.30390625 0.61875 0.0703125 0.184375
0 0.8421875 0.6203125 0.06875 0.1625
0 0.7046875 0.6265625 0.071875 0.184375
0 0.45546875 0.634375 0.0734375 0.23125
0 0.0546875 0.6546875 0.09375 0.2
0 0.1734375 0.65625 0.096875 0.2125
0 0.95625 0.8765625 0.084375 0.209375
0 0.83359375 0.88359375 0.0453125 0.1703125
0 0.58515625 0.88828125 0.0890625 0.1703125
0 0.709375 0.8890625 0.0875 0.21875
0 0.04140625 0.89140625 0.0796875 0.2171875
0 0.440625 0.896875 0.071875 0.1875
0 0.1859375 0.89453125 0.084375 0.2078125
0 0.30390625 0.9046875 0.0984375 0.1875
0 0.30390625 0.125 0.0796875 0.225
0 0.04296875 0.1265625 0.0859375 0.1875
0 0.696875 0.1296875 0.09375 0.20625
0 0.56484375 0.13203125 0.0828125 0.1703125
0 0.15859375 0.13203125 0.0984375 0.2296875
0 0.8265625 0.1421875 0.084375 0.20625
0 0.428125 0.1453125 0.096875 0.165625
0 0.96015625 0.14921875 0.0609375 0.2171875