1 0.02890625 0.76953125 0.0578125 0.09375
1 0.1234375 0.77421875 0.09140625 0.096875
1 0.22421875 0.77734375 0.09296875 0.096875
1 0.31875 0.80234375 0.121875 0.096875
1 0.084375 0.66171875 0.0578125 0.053125
1 0.17890625 0.66953125 0.078125 0.08125
1 0.26015625 0.67890625 0.06640625 0.0875
1 0.35078125 0.68046875 0.0796875 0.084375
1 0.45234375 0.81328125 0.09140625 0.09375
1 0.528125 0.69765625 0.1625 0.125
1 0.56328125 0.81640625 0.09140625 0.06875
1 0.95546875 0.84765625 0.0796875 0.11875
1 0.95 0.71171875 0.0734375 0.090625