1 0.303125 0.38984375 0.184375 0.28125
1 0.25234375 0.76484375 0.278125 0.184375
1 0.6578125 0.0984375 0.31640625 0.165625
1 0.5546875 0.79375 0.334375 0.20234375
1 0.171875 0.44375 0.18359375 0.3078125
1 0.1 0.6140625 0.2 0.23046875
1 0.0609375 0.35234375 0.1046875 0.1921875
1 0.60546875 0.40703125 0.2328125 0.23359375
1 0.69921875 0.496875 0.3375 0.17265625
1 0.6546875 0.909375 0.22578125 0.16484375
1 0.90234375 0.15859375 0.1875 0.2859375
1 0.32578125 0.13828125 0.31953125 0.1765625
1 0.56640625 0.246875 0.334375 0.13125
1 0.52421875 0.64296875 0.3421875 0.128125