2 0.04296875 0.45234375 0.0859375 0.1328125
2 0.03203125 0.4453125 0.0640625 0.15625
2 0.0296875 0.425 0.059375 0.121875
2 0.1203125 0.4140625 0.134375 0.146875
2 0.23828125 0.40546875 0.1171875 0.1234375
2 0.25 0.25703125 0.13125 0.1125
2 0.0390625 0.28515625 0.078125 0.1703125
2 0.0265625 0.2734375 0.053125 0.11875
2 0.12734375 0.1109375 0.2546875 0.221875
2 0.11640625 0.075 0.2328125 0.15
2 0.9296875 0.08984375 0.140625 0.1796875
0 0.16171875 0.81640625 0.3234375 0.3671875
2 0.58515625 0.64453125 0.1203125 0.2296875