2 0.23984375 0.13203125 0.4796875 0.2640625
2 0.51796875 0.01875 0.0765625 0.0375
2 0.8140625 0.0828125 0.371875 0.165625
2 0.48984375 0.3109375 0.0203125 0.078125
2 0.97265625 0.340625 0.0359375 0.08125
2 0.0234375 0.52890625 0.046875 0.1140625
2 0.309375 0.4515625 0.065625 0.084375
2 0.0125 0.84296875 0.025 0.0734375
2 0.35 0.909375 0.053125 0.125
2 0.59296875 0.453125 0.2265625 0.0875
2 0.5875 0.49609375 0.215625 0.1390625
2 0.59765625 0.64453125 0.2359375 0.1453125
2 0.86484375 0.56875 0.2703125 0.31875
2 0.49921875 0.925 0.0390625 0.15